4 4 4 4 4 4 4 4 4 4 4 4 4 4 4 4 4 4 4 4 4 4 4 4 4 4 4 4 4 4 4 4 4
4 0 0 0 0 0 0 0 0 0 0 0 0 0 0 0 0 0 0 0 0 0 0 0 0 0 0 0 0 0 0 0 4
4 7 0 6 6 0 0 0 0 0 0 0 0 0 0 0 0 0 0 0 8 4 4 4 0 0 0 6 0 0 0 0 4
4 4 4 4 4 2 0 0 0 0 0 0 0 0 0 0 0 0 6 4 4 4 4 4 0 0 4 4 0 0 0 0 4
4 4 4 4 4 2 0 0 0 0 6 0 0 0 0 0 0 4 4 4 4 4 4 0 0 0 4 4 4 4 2 0 4
4 0 0 0 0 0 0 0 4 4 4 4 2 0 0 4 4 4 4 4 4 4 0 0 0 0 0 0 6 6 2 0 4
4 0 0 0 0 0 0 0 4 4 4 4 2 0 0 4 4 0 0 0 0 0 0 0 0 0 6 6 0 6 2 0 4
4 0 0 0 0 0 0 0 0 0 0 0 2 0 0 0 0 0 0 0 0 0 0 0 0 2 4 4 4 4 4 0 4
4 0 0 0 0 0 0 0 0 0 0 0 2 0 0 0 0 0 0 0 0 0 0 0 0 2 4 4 4 4 4 0 4
4 0 0 0 0 0 0 0 0 0 0 0 2 0 0 0 0 0 0 0 0 0 0 0 0 2 0 0 0 0 0 0 4
4 8 0 0 0 0 0 0 0 6 0 0 6 0 0 6 0 0 0 0 0 0 0 0 0 2 0 0 0 0 0 0 4
4 4 4 4 4 4 1 1 1 4 4 4 4 4 4 4 4 4 4 4 1 1 4 4 4 4 4 1 1 4 4 4 4
4 4 4 4 4 4 4 4 4 4 4 4 4 4 4 4 4 4 4 4 4 4 4 4 4 4 4 4 4 4 4 4 4
4 4 4 4 4 4 4 4 4 4 4 4 4 4 4 4 4 4 4 4 4 4 4 4 4 4 4 4 4 4 4 4 4

9 9 9 9 9 9 9 9 9 9 9 9 9 9 9 9 9 9 9 9 9 9 9 9 9 9 9 9 9 9 9 9 9
9 0 0 0 0 0 0 0 0 0 0 0 0 0 0 0 0 0 0 0 0 0 0 0 0 0 0 0 0 0 0 0 9
9 0 0 7 0 10 0 0 0 0 0 0 0 0 0 0 0 0 10 0 0 0 2 9 9 9 9 9 9 2 0 0 9
9 0 2 9 9 9 9 9 2 0 0 0 0 0 0 0 0 2 9 9 9 0 2 9 9 9 9 9 9 2 0 0 9
9 0 2 9 9 9 9 9 2 0 0 2 9 9 0 0 0 2 9 9 9 0 2 9 9 9 9 9 9 2 0 0 9
9 0 2 0 0 0 0 0 0 0 0 2 9 9 0 0 0 2 0 0 0 0 0 9 9 9 0 9 9 9 2 0 9
9 0 10 0 0 0 0 0 0 0 0 2 0 0 0 0 0 0 0 0 0 0 0 9 0 0 0 9 9 9 2 0 9
9 9 9 9 2 0 0 0 0 0 0 2 0 0 0 0 0 0 0 0 0 0 0 0 0 0 0 9 9 9 2 0 9
9 9 9 9 2 0 0 0 0 0 0 2 0 0 0 0 0 0 0 0 0 0 0 0 0 0 0 9 9 9 2 0 9
9 0 0 0 2 0 0 0 0 0 0 2 0 0 0 0 0 0 0 0 0 0 0 0 0 0 0 9 9 9 0 0 9
9 8 0 0 10 10 10 0 0 0 0 2 0 0 10 0 0 10 10 0 10 0 0 0 0 0 0 9 9 9 0 8 9
9 9 9 9 9 9 9 9 9 9 9 9 9 9 9 9 9 9 9 9 9 9 9 9 9 9 9 9 9 9 9 9 9
9 9 9 9 9 9 9 9 9 9 9 9 9 9 9 9 9 9 9 9 9 9 9 9 9 9 9 9 9 9 9 9 9
9 9 9 9 9 9 9 9 9 9 9 9 9 9 9 9 9 9 9 9 9 9 9 9 9 9 9 9 9 9 9 9 9

3 3 3 3 3 3 3 3 3 3 3 3 3 3 3 3 3 3 3 3 3 3 3 3 3 3 3 3 3 3 3 3 3
3 0 0 0 0 0 0 0 0 0 0 0 0 0 0 0 0 0 0 0 0 0 0 0 0 0 0 0 0 0 0 0 3
3 0 0 0 0 0 0 0 0 0 0 0 0 0 0 0 0 0 0 0 0 0 0 0 0 0 0 0 0 0 0 0 3
3 0 0 3 3 3 3 3 3 3 3 0 0 0 0 0 0 0 0 0 0 0 0 0 0 0 0 0 0 0 0 0 3
3 3 0 0 3 3 3 3 3 3 3 3 0 0 0 3 3 3 3 3 3 3 3 0 0 0 0 0 0 0 0 0 3
3 3 3 0 0 0 0 0 0 0 3 3 3 0 0 0 3 3 3 3 3 3 0 0 0 0 0 0 0 0 0 0 3
3 3 3 3 3 3 3 0 0 0 0 3 3 3 0 0 0 3 3 3 3 0 0 3 3 3 3 0 0 0 0 0 3
3 3 3 3 3 3 3 3 0 0 0 3 3 3 3 0 0 0 0 0 0 0 0 0 3 3 0 0 0 0 0 0 3
3 0 0 0 0 0 0 0 0 3 3 3 3 3 3 3 0 0 0 0 0 0 0 0 0 0 0 0 0 0 0 0 3
3 0 0 0 0 0 0 0 3 3 3 3 3 3 3 3 3 0 0 0 0 0 0 0 0 0 0 0 0 0 0 0 3
3 8 0 0 0 0 0 3 3 3 3 3 3 3 3 3 3 3 0 0 0 0 0 0 0 0 0 0 0 0 0 30 3
3 3 3 3 3 3 3 3 3 3 3 3 3 3 3 3 3 3 3 3 3 3 3 3 3 3 3 3 3 3 3 3 3
3 3 3 3 3 3 3 3 3 3 3 3 3 3 3 3 3 3 3 3 3 3 3 3 3 3 3 3 3 3 3 3 3
3 3 3 3 3 3 3 3 3 3 3 3 3 3 3 3 3 3 3 3 3 3 3 3 3 3 3 3 3 3 3 3 3

20 20 20 20 20 20 20 20 20 20 20 20 20 20 20 20 20 20 20 20 20 20 20 20 20 20 20 20 20 20 20 20 20
20 0 0 0 0 0 0 0 0 0 0 0 0 0 0 0 0 0 0 0 0 0 0 0 20 0 0 0 0 0 0 0 20
20 0 0 0 0 0 0 0 0 0 0 0 0 0 0 0 0 0 0 0 0 0 0 0 20 0 0 0 0 0 0 0 20
20 0 0 0 0 0 0 0 0 0 0 0 0 0 0 0 0 0 0 0 0 0 0 0 20 0 0 0 0 0 0 0 20
20 0 0 0 0 0 0 0 0 0 0 0 0 0 0 0 0 0 0 0 0 0 0 0 20 0 0 0 0 0 0 0 20
20 0 0 0 0 0 0 0 0 0 0 0 0 0 0 0 0 0 0 0 0 0 0 0 20 0 0 0 0 0 0 0 20
20 0 0 0 0 0 0 0 0 0 0 0 0 0 0 0 0 0 0 0 0 0 0 0 20 0 0 0 0 0 0 0 20
20 0 0 0 0 0 0 0 0 0 0 0 0 0 0 0 0 0 0 0 0 0 0 0 20 0 0 0 0 0 0 0 20
20 0 0 0 0 0 0 0 0 0 0 0 0 0 0 0 0 0 0 0 0 0 0 0 20 0 0 0 0 0 0 0 20
20 0 0 0 0 0 0 0 0 0 0 0 0 0 0 0 0 0 0 0 0 0 0 0 20 0 0 0 0 0 0 0 20
20 0 0 0 0 0 0 0 0 0 0 0 0 0 0 0 0 0 0 0 0 0 0 0 20 0 0 0 0 0 0 0 20
20 0 0 0 21 0 22 0 0 0 0 0 0 0 0 0 0 0 0 0 0 0 0 8 20 0 0 0 0 0 0 0 20
20 20 20 20 20 20 20 20 20 20 20 20 20 20 20 20 20 20 20 20 20 20 20 20 20 20 20 20 20 20 20 20 20
20 20 20 20 20 20 20 20 20 20 20 20 20 20 20 20 20 20 20 20 20 20 20 20 20 20 20 20 20 20 20 20 20